5050 = [
[0.46,7.17,7.62,7.62,7.62,7.62,6.10,1.91,0.38,7.62,5.26,1.60,1.83,3.58,5.26,1.91,0.00,7.47,4.50,0.00,0.00,0.00,0.00,0.00,0.00,6.48,7.17,6.10,6.10,6.10,3.96,0.38,0.00,2.51,4.57,4.57,4.57,5.41,7.62,5.57,2.59,1.22,0.00,0.00,0.00,0.00,5.19,7.62,7.17,7.62,6.94,4.73,3.28,5.72,7.62,5.18,0.91,3.13,4.88,7.25,7.62,6.79,3.89,0.08],
[2.44,7.63,7.24,6.86,7.47,7.63,5.95,0.99,5.11,7.16,0.23,0.00,0.46,3.28,7.47,6.26,5.95,5.79,0.00,0.00,0.00,0.00,3.35,7.62,6.10,5.34,0.00,0.00,0.00,0.00,0.84,7.62,6.10,5.34,0.00,0.00,0.00,0.00,0.77,7.62,5.56,6.79,0.23,0.00,0.00,0.00,1.75,7.62,2.74,7.62,6.10,2.74,1.60,3.51,6.33,7.55,0.00,2.90,6.94,7.62,7.62,7.63,6.18,2.67],
[0.99,7.32,6.86,6.86,6.86,6.86,6.86,6.10,1.53,7.62,5.34,3.81,3.81,3.81,3.81,3.05,0.38,7.63,3.81,0.00,0.00,0.00,0.00,0.00,0.00,7.17,6.71,5.34,6.56,6.86,6.86,4.20,0.00,3.51,5.34,5.34,5.03,3.81,5.79,7.63,0.92,2.29,1.22,0.00,0.00,0.00,4.27,7.62,4.80,7.62,7.62,6.33,3.97,4.50,7.40,5.79,0.23,1.22,3.20,6.18,6.86,6.86,5.19,0.76],
[0.00,3.13,7.02,7.62,7.62,7.62,2.44,0.00,1.52,7.62,5.87,3.20,3.05,6.63,6.86,1.15,4.12,7.55,0.99,0.00,0.00,1.53,7.17,7.02,4.58,6.87,0.00,0.00,0.00,0.00,1.90,7.62,4.57,6.86,0.00,0.00,0.00,0.00,0.08,7.63,4.57,6.86,0.00,0.00,0.00,0.00,0.99,7.63,4.58,7.17,0.15,0.00,0.00,1.60,5.11,7.62,2.67,7.63,6.48,5.34,6.03,7.63,7.47,4.04]
]

0553 = [
[0.08,3.43,6.56,7.24,7.62,6.94,4.88,0.53,3.66,7.62,5.87,3.81,3.59,4.88,7.55,7.09,4.58,6.94,0.00,0.00,0.00,0.00,1.75,6.94,4.58,6.87,0.00,0.00,0.00,0.00,0.00,3.97,4.57,7.09,0.00,0.00,0.00,0.00,0.00,3.81,3.43,7.63,1.68,0.00,0.00,0.00,0.00,4.04,0.84,7.32,6.10,1.22,0.00,0.61,2.21,6.63,0.00,2.68,7.40,7.62,7.01,7.63,7.62,7.25],
[0.00,0.00,0.00,1.61,4.73,6.10,6.10,4.88,2.67,6.79,7.01,7.62,7.55,5.03,5.03,4.88,4.34,7.62,4.88,2.98,0.69,0.00,0.00,0.00,1.37,7.62,4.27,1.99,3.13,4.43,6.86,7.62,0.00,6.94,7.62,7.62,7.62,7.24,5.57,7.39,0.46,1.37,2.29,2.06,0.92,0.00,2.37,7.62,7.24,4.27,3.81,3.81,3.81,4.73,7.40,6.33,5.41,6.86,6.86,6.86,6.86,6.79,4.96,0.76],
[0.00,0.00,4.19,7.62,7.62,7.62,6.87,0.00,0.00,1.07,6.48,6.48,3.05,3.05,2.29,0.00,0.00,4.50,7.62,2.90,0.00,0.00,0.00,0.00,0.00,2.36,7.62,6.79,7.47,7.62,7.62,7.02,0.00,0.38,6.40,5.65,3.58,3.05,3.43,7.47,0.76,3.74,0.84,0.00,0.00,0.84,5.88,7.62,1.98,7.47,7.32,6.86,7.63,7.62,7.40,2.75,0.00,1.52,3.81,3.81,3.51,3.05,0.99,0.00],
[0.00,0.00,1.67,6.33,6.86,6.86,6.86,5.64,0.00,0.00,1.07,4.58,3.96,3.81,4.96,7.62,0.00,0.00,0.00,0.00,0.00,0.00,2.44,7.62,0.00,0.00,0.15,2.29,4.73,6.56,7.17,7.63,0.00,0.00,5.33,7.62,7.62,7.62,7.62,7.62,0.00,0.00,1.75,3.81,3.81,3.43,7.55,6.10,5.95,3.36,1.52,1.68,3.20,6.48,7.40,1.53,6.25,7.62,7.62,7.62,7.62,6.48,2.06,0.00]
]

1 - 2
2- 0
3 - 1
4- 8
5 - 7
6 - 6
7 - 3
8 - 5
9 - 9
10 - 4
